0001005284
0001005286
0001005291
0001005313
0001005356
0001005387
0001005388
0001005406
0001005407
0001005408
0001005409
0001005414
0001005501
0001005504
0001005507
0001005508
0001005509
0001005512
0001005516
0001005531
0001005640
0001005641
0001005653
0001005663
0001005690
0001005697
0001005698
0001005699
0001005700
0001005730
0001005731
0001005757
0001005758
0001005759
0001005817
0001005858
0001005868
0001005882
0001005887
0001005938
0001005967
0001005969
0001005970
0001005972
0001005974
0001006026
0001006027
0001006028
0001006030
0001006045
0001006177
0001006195
0001006224
0001006240
0001006262
0001006264
0001006265
0001006269
0001006281
0001006361
0001006368
0001006370
0001006376
0001006384
0001006424
0001006459
0001006586
0001006591
0001006598
0001006603
0001006604
0001006605
0001006614
0001006637
0001006638
0001006655
0001006691
0001006708
0001006830
0001006835
0001006837
0001006892
0001007018
0001007019
0001007020
0001007021
0001007022
0001007023
0001007047
0001007083
0001007084
0001007127
0001007184
0001007209
0001007228
0001007273
0001007297
0001007298
0001007304
0001007321