0000000008
0000000020
0000000051
0000000205
0000000212
0000001745
0000001750
0000001761
0000001800
0000001857
0000001866
0000001882
0000001923
0000001952
0000001961
0000001969
0000001985
0000001988
0000002024
0000002031
0000002034
0000002062
0000002070
0000002075
0000002098
0000002131
0000002134
0000002135
0000002166
0000002178
0000002186
0000002230
0000002308
0000002310
0000002337
0000002369
0000002387
0000002408
0000002424
0000002457
0000002463
0000002467
0000002485
0000002488
0000002491
0000002506
0000002517
0000002552
0000002589
0000002590
0000002597
0000002601
0000002602
0000002604
0000002611
0000002618
0000002636
0000002638
0000002668
0000002682
0000002684
0000002741
0000002751
0000002801
0000002809
0000002817
0000002825
0000002844
0000002850
0000002852
0000002880
0000002886
0000002899
0000002904
0000002926
0000002929
0000002947
0000002953
0000002969
0000003000
0000003010
0000003042
0000003050
0000003055
0000003086
0000003094
0000003116
0000003124
0000003133
0000003141
0000003146
0000003153
0000003193
0000003197
0000003202
0000003228
0000003235
0000003241
0000003292
0000003310
0000003333
0000003370
0000003379
0000003382
0000003392
0000003398
0000003417
0000003449
0000003453
0000003499
0000003535
0000003545
0000003550
0000003570
0000003642
0000003650
0000003651
0000003656
0000003662
0000003673
0000003721
0000003753
0000003819
0000003827
0000003874
0000003877
0000003883
0000003905
0000003906
0000003933
0000003941
0000003952
0000003957
0000003959
0000003966
0000003971
0000003975
0000003982
0000003998
0000004006
0000004013
0000004047
0000004082
0000004107
0000004127
0000004139
0000004156
0000004157
0000004164
0000004165
0000004187
0000004199
0000004206
0000004215
0000004233
0000004241
0000004253
0000004281
0000004285
0000004288
0000004310
0000004317
0000004319
0000004325
0000004339
0000004344
0000004363
0000004368
0000004410
0000004421
0000004427
0000004435
0000004436
0000004438
0000004447
0000004457
0000004504
0000004507
0000004515
0000004528
0000004563
0000004579
0000004611
0000004617
0000004672
0000004688
0000004707
0000004786
0000004828
0000004829
0000004833
0000004854
0000004886
0000004904
0000004911
0000004962
0000004969
0000004977
0000005009
0000005016
0000005085
0000005094
0000005099
0000005103
0000005117
0000005133
0000005172
0000005177
0000005185
0000005187
0000005193
0000005197
0000005227
0000005272
0000005281
0000005294
0000005320
0000005337
0000005340
0000005343
0000005345
0000005385
0000005405
0000005421
0000005442
0000005486
0000005496
0000005505
0000005513
0000005549
0000005550
0000005577
0000005582
0000005588
0000005611
0000005632
0000005647
0000005656
0000005657
0000005696
0000005719
0000005768
0000005796
0000005804
0000005806
0000005818
0000005831
0000005850
0000005870
0000005886
0000005907
0000005931
0000005951
0000005981
0000006009
0000006019
0000006045
0000006071
0000006091
0000006097
0000006113
0000006125
0000006130
0000006143
0000006161
0000006164
0000006175
0000006176
0000006182
0000006201
0000006207
0000006216
0000006229
0000006260
0000006273
0000006281
0000006284
0000006292
0000006314
0000006332
0000006368
0000006383
0000006410
0000006432
0000006435
0000006494
0000006550
0000006571
0000006699
0000006701
0000006706
0000006720
0000006732
0000006769
0000006811
0000006814
0000006831
0000006837
0000006839
0000006841
0000006845
0000006857
0000006879
0000006885
0000006928
0000006931
0000006940
0000006943
0000006948
0000006951
0000006955
0000006974
0000006992
0000007032
0000007039
0000007047
0000007084
0000007097
0000007105
0000007118
0000007119
0000007160
0000007166
0000007184
0000007202
0000007207
0000007214
0000007215
0000007237
0000007286
0000007314
0000007323
0000007332
0000007340
0000007346
0000007376
0000007377
0000007383
0000007400
0000007431
0000007478
0000007522
0000007523
0000007533
0000007536
0000007541
0000007575
0000007580
0000007610
0000007620
0000007623
0000007627
0000007634
0000007636
0000007641
0000007647
0000007649
0000007659
0000007668
0000007713
0000007748
0000007750
0000007789
0000007822
0000007845
0000007869
0000007913
0000007931
0000007951
0000007965
0000007974
0000008033
0000008038
0000008050
0000008063
0000008065
0000008076
0000008080
0000008088
0000008097
0000008109
0000008117
0000008126
0000008137
0000008146
0000008177
0000008192
0000008241
0000008254
0000008273
0000008290
0000008302
0000008316
0000008328
0000008411
0000008447
0000008449
0000008462
0000008497
0000008504
0000008507
0000008588
0000008598
0000008609
0000008617
0000008648
0000008659
0000008670
0000008692
0000008699
0000008703
0000008721
0000008734
0000008752
0000008759
0000008789
0000008793
0000008795
0000008802
0000008818
0000008843
0000008848
0000008849
0000008855
0000008858
0000008868
0000008919
0000008938
0000008947
0000008952
0000008958
0000008960
0000009029
0000009092
0000009096
0000009145
0000009198
0000009217
0000009235
0000009247
0000009263
0000009326
0000009342
0000009344
0000009346
0000009375
0000009389
0000009435
0000009442
0000009447
0000009450
0000009452
0000009466
0000009514
0000009515
0000009521
0000009534
0000009542
0000009548
0000009549
0000009568
0000009631
0000009659
0000009749
0000009767
0000009779
0000009801
0000009803
0000009842
0000009888
0000009892
0000009901
0000009981
0000009984
0000010012
0000010048
0000010057
0000010081
0000010119
0000010124
0000010173
0000010214
0000010226
0000010240
0000010242
0000010248
0000010253
0000010254
0000010257
0000010303
0000010329
0000010366
0000010456
0000010488
0000010497
0000010518
0000010609
0000010707
0000010736
0000010795
0000010829
0000010841
0000010866
0000010873
0000010889
0000010915
0000010940
0000010943
0000011027
0000011035
0000011038
0000011107
0000011109
0000011170
0000011188
0000011199
0000011234
0000011285
0000011290
0000011337
0000011354
0000011390
0000011396
0000011440
0000011454
0000011475
0000011508
0000011534
0000011544
0000011545
0000011617
0000011641
0000011744
0000011763
0000011814
0000011821
0000011856
0000011860
0000011884
0000011899
0000011906
0000011913
0000011929
0000011953
0000011975
0000012027
0000012040
0000012043
0000012097
0000012105
0000012152
0000012180
0000012184
0000012204
0000012208
0000012220
0000012231
0000012232
0000012237
0000012239
0000012245
0000012257
0000012288
0000012304
0000012355
0000012363
0000012388
0000012400
0000012404
0000012473
0000012570
0000012614
0000012635
0000012654
0000012655
0000012659
0000012707
0000012721
0000012733
0000012779
0000012794
0000012801
0000012927
0000012953
0000012960
0000012978
0000012999
0000013000
0000013006
0000013021
0000013033
0000013034
0000013055
0000013179
0000013191
0000013206
0000013211
0000013239
0000013268
0000013290
0000013298
0000013370
0000013372
0000013390
0000013506
0000013522
0000013547
0000013573
0000013585
0000013606
0000013610
0000013653
0000013682
0000013743
0000013769
0000013777
0000013803
0000013824
0000013839
0000013861
0000013892
0000013961
0000014029
0000014060
0000014073
0000014092
0000014177
0000014195
0000014202
0000014205
0000014231
0000014244
0000014272
0000014280
0000014343
0000014399
0000014407
0000014423
0000014474
0000014537
0000014550
0000014560
0000014592
0000014637
0000014693
0000014707
0000014803
0000014825
0000014827
0000014846
0000014920
0000014930
0000014947
0000014971
0000014995
0000015056
0000015070
0000015133
0000015162
0000015166
0000015185
0000015216
0000015218
0000015236
0000015245
0000015269
0000015310
0000015323
0000015332
0000015340
0000015345
0000015354
0000015357
0000015359
0000015389
0000015393
0000015437
0000015476
0000015486
0000015511
0000015523
0000015574
0000015599
0000015615
0000015632
0000015678
0000015723
0000015764
0000015836
0000015840
0000015847
0000015848
0000015993
0000016018
0000016035
0000016040
0000016058
0000016064
0000016068
0000016099
0000016104
0000016117
0000016160
0000016218
0000016226
0000016317
0000016343
0000016346
0000016357
0000016377
0000016393
0000016424
0000016455
0000016481
0000016496
0000016505
0000016511
0000016526
0000016573
0000016590
0000016595
0000016602
0000016614
0000016615
0000016626
0000016664
0000016682
0000016692
0000016732
0000016741
0000016754
0000016765
0000016766
0000016804
0000016845
0000016846
0000016859
0000016862
0000016868
0000016873
0000016875
0000016906
0000016918
0000016926
0000016938
0000016977
0000016983
0000016984
0000016988
0000016990
0000016995
0000017041
0000017072
0000017109
0000017150
0000017206
0000017221
0000017313
0000017350
0000017368
0000017371
0000017385
0000017462
0000017482
0000017485
0000017500
0000017523
0000017592
0000017599
0000017719
0000017728
0000017769
0000017774
0000017794
0000017797
0000017843
0000017927
0000018000
0000018029
0000018061
0000018072
0000018086
0000018169
0000018172
0000018178
0000018180
0000018230
0000018255
0000018300
0000018349
0000018358
0000018366
0000018383
0000018396
0000018489
0000018494
0000018497
0000018498
0000018508
0000018520
0000018521
0000018532
0000018540
0000018605
0000018621
0000018639
0000018647
0000018651
0000018654
0000018672
0000018675
0000018734
0000018748
0000018751
0000018758
0000018783
0000018787
0000018792
0000018793
0000018794
0000018795
0000018808
0000018819
0000018827
0000018849
0000018871
0000018873
0000018877
0000018900
0000018903
0000018914
0000018926
0000018937
0000018964
0000018968
0000018977
0000019002
0000019010
0000019015
0000019017
0000019020
0000019028
0000019047
0000019082
0000019089
0000019149
0000019150
0000019161
0000019162
0000019167
0000019190
0000019252
0000019342
0000019353
0000019411
0000019416
0000019446
0000019489
0000019504
0000019514
0000019520
0000019529
0000019540
0000019550
0000019558
0000019584
0000019612
0000019617
0000019636
0000019643
0000019654
0000019704
0000019715
0000019718
0000019722
0000019725
0000019731
0000019736
0000019737
0000019745
0000019756
0000019849
0000019855
0000019863
0000019871
0000019902
0000019913
0000019919
0000019930
0000019965
0000019966
0000019973
0000020031
0000020041
0000020056
0000020067
0000020104
0000020151
0000020164
0000020171
0000020199
0000020212
0000020232
0000020236
0000020282
0000020285
0000020286
0000020290
0000020305
0000020331
0000020355
0000020356
0000020358
0000020371
0000020388
0000020405
0000020415
0000020423
0000020427
0000020467
0000020469
0000020520
0000020552
0000020629
0000020639
0000020691
0000020740
0000020746
0000020762
0000020784
0000020810
0000020819
0000020834
0000020864
0000020871
0000020947
0000020972
0000020975
0000020976
0000021038
0000021044
0000021070
0000021076
0000021101
0000021157
0000021175
0000021178
0000021193
0000021212
0000021239
0000021248
0000021267
0000021310
0000021344
0000021371
0000021388
0000021391
0000021438
0000021510
0000021535
0000021546
0000021570
0000021610
0000021624
0000021627
0000021651
0000021665
0000021686
0000021759
0000021768
0000021827
0000021828
0000021863
0000021872
0000021876
0000021881
0000021906
0000021932
0000021956
0000022036
0000022077
0000022099
0000022103
0000022198
0000022216
0000022229
0000022244
0000022252
0000022259
0000022283
0000022290
0000022296
0000022337
0000022338
0000022356
0000022366
0000022390
0000022412
0000022428
0000022444